90 100 125
89.705 99.563 125.61
89.899 99.042 124.3
89.838 99.478 125.02
89.348 99.14 124.62
89.164 99.324 124.02
89.654 99.328 124.43
89.566 98.304 124.25
89.77 98.845 124.27
89.181 98.895 123.14
89.239 98.289 123.23
89.086 97.863 123.33
89.067 97.758 123.4
89.476 97.649 123.26
89.12 98.192 123.51
88.68 97.969 123.44
88.734 98.044 122.76
88.82 97.787 123.22
88.436 97.855 122.17
89.282 97.127 122.27
88.709 97.05 122.73
88.36 97.789 122.48
88.64 97.58 122.05
88.547 96.901 122.37
88.644 96.848 122.12
88.621 96.96 122.65
88.621 96.906 121.67
88.403 97.035 122.37
88.371 97.464 121.95
88.941 96.797 122.27
88.589 97.223 121.68
88.935 96.728 122.37
88.785 97.323 121.98
88.863 97.154 121.96
89.138 96.526 121.41
88.47 96.837 121.41
88.948 96.994 122.13
88.796 97.3 121.56
88.595 96.682 122.1
88.543 97.302 121.92
88.684 96.685 122.1
88.797 97.307 122.28
88.689 96.843 121.56
88.458 97.001 121.93
88.351 97.159 121.39
88.393 97.006 121.75
88.733 97.317 122.29
88.708 97.165 122.13
89.004 96.702 122.43
88.751 96.549 122.44
89.164 97.019 122.45
89.098 97.021 122.08
89.281 97.03 121.55
88.798 96.729 122.77
89.214 96.897 122.49
89.572 97.099 122.73
89.576 97.147 122.39
89.818 96.733 121.79
89.927 97.573 122.73
89.795 97.022 123.37
90.263 97.435 123.11
90.401 97.816 122.37
90.618 97.155 123.16
90.815 97.485 122.92
90.452 97.738 123.05
90.703 97.387 123.59
90.987 97.487 123.9
91.468 98.004 124.31
91.7 98.893 123.05
92.575 98.481 123.71
91.367 98.29 123.95
92.174 99.181 124.59
92.325 99.363 125.09
91.705 99.491 125.86
92.986 99.45 125.94
92.886 99.349 126.48
92.574 100.08 126.73
93.494 99.956 127.06
92.783 100.22 125.77
93.355 100.93 127.56
93.298 101 127.2
93.337 101.59 127.8
93.809 101.45 129.09
94.285 102.56 128.07
94.281 101.74 129.52
94.566 102.77 132.14
93.914 103.62 130.85
94.721 103.49 130.94
94.309 103.39 131.48
95.182 105.34 133.23
94.334 105.23 133.71
95.575 104.04 132.52
96.247 105.09 135.86
96.835 106.07 134.54
96.586 107.07 136.67
95.623 106.34 136.25
94.944 108.68 137.14
97.464 108.26 138.66
96.241 108.95 138.06
97.15 109.61 140.14
96.444 110.44 142.39
96.06 111.63 143.73
97.493 109.79 142.98
97.728 113.99 144.81
97.011 112.24 144.19
97.479 113.66 144.61
97.856 111.37 148.46
98.425 113.91 145.87
97.923 113.14 150.23
98.755 113.09 149.18
97.14 111.69 148.12
100.63 117.31 150.69
98.049 116.06 151.13
98.997 115.76 150.21
100.29 115.86 156.27
100.53 118.12 151.47
99.976 117.35 150.5
101.77 117.6 156.13
99.636 116.02 155.3
104.52 117.46 158.51
102.08 118.59 154.73
104.92 118.11 157.3
103.82 124.26 155.59
105.96 120.17 161.42
106.4 122.57 156.79
104.07 122.7 162.67
107.42 123.72 155.64
108.21 123.19 163.3
106.78 125.91 165.18
107.21 122.39 162.26
108.57 123.38 162.89
105.08 121.67 164.9
108.38 125.3 164.62
107.77 129.93 165
107.8 123.56 163.43
107.05 126.05 167.87
109.51 125.35 171.97
109.14 127.86 168.96
111.29 125.01 170.29
109.84 128.82 168.89
109.67 127.73 167.96
110.28 127.54 173.51
109.93 130.99 173.66
108.97 128.51 174.52
110.23 130.59 172.22
109.76 128.57 175.96
109.65 130.16 172.39
109.38 132.18 180.64
106.92 126.73 175.82
111.51 134.48 180.21
109.81 128.67 180.47
109.93 131.5 179.8
111.9 128.42 180.35
110.17 132.97 181.77
111.07 130.17 183.52
111.8 128.41 185.68
109.96 132.63 183.26
111.52 131.22 186.45
113.83 131.34 186.36
111.48 132.32 181.83
112.69 130.64 187.4
113.23 131.93 186.18
113.11 132.77 180.6
109.7 132.82 183.86
116.07 129.59 189.19
113.94 134.6 187.19
115.95 130.95 186.65
114.57 133.59 181.38
114.31 135.55 189.52
111.09 132.57 185.51
116.05 138.65 188.78
116.08 131.14 184.32
115.97 137.47 189.74
120.31 132.14 188.66
118.17 136.45 185.47
124.31 135.9 189.57
120.5 134.74 187.73
124.9 133.78 191.61
124.18 134.13 188.86
127.59 134.92 190.63
127.22 136.45 187.26
130.75 133.78 180.37
129.77 135.92 183.92
132.35 133.61 183.42
130.67 136.61 183.9
132.47 137 190.57
132.82 129.46 176.06
130.54 136.52 187.57
133.5 129.6 185.02
133.75 139.58 184.83
131.33 133.42 182.62
130.44 133.74 183.46
131.61 130.98 189.48
128.1 135.24 181.32
127.56 133.54 184.28
127.26 138.35 190.69
124.7 135.2 176.65
130.37 135.75 188.31
124.81 135.02 185.11
125.82 137.03 184.84
124.79 134.02 181.55
120.91 138.28 181.27
123.93 135.64 183.95
122.67 137.77 177.32
122.94 136.01 180.26
122.26 138.79 175.22
120.81 143.57 182.32
124.04 142.33 172.49
121.35 141.7 181.52
120.65 143.28 171.17
120.51 137.72 178.77
123.08 139.86 171.9
121.68 137.88 170.01
120.8 137.44 174.66
119.19 138.07 169.2
120.55 136.34 169.89
121.29 135.01 177.1
122.8 134.47 168.04
117.05 129.17 166.86
120.46 133.32 167.41
120.28 130.92 164.4
114.95 130.83 163.2
120.95 127.43 166.04
114.54 129.08 164.82
115.76 131.53 156.03
119.84 127.94 157.77
114.65 126.93 156.58
119.97 127.91 154.67
117.53 125.12 154.3
113.88 123.67 146.46
113.01 125.32 148.53
116.22 120.51 152.36
112.08 126.22 148.98
113.83 123.34 148.72
112.32 119.86 148.19
113.79 122.4 151.69
111.07 120.43 146.05
112.29 118.24 145.88
110.34 119.65 149.63
108.73 117.2 144.07
109.22 116.53 146.97
105.89 116.81 144.34
107.5 115.1 144.99
106.35 114.95 144.93
108.1 116.83 142.99
104.65 114.16 145.95
107.58 114.41 144.03
105.52 114.8 144.68
105 114.7 145.51
105.2 114.24 144
104.2 113.18 144.94
104.01 114.61 146.15
104.35 112.75 142.77
101.67 113.6 139.76
101.74 112.92 141.29
102.12 113.13 140.31
100.76 112.09 142.16
100.92 111.56 140.48
101.27 112.8 138.56
100.71 111.68 138.31
100.03 111 137.24
98.695 110.78 137.12
100.26 110.28 137.46
98.879 109.79 136.95
97.381 108.4 137.46
98.636 109.77 135.88
96.222 109.03 135.19
96.174 107.21 134.88
96.995 106.21 132.66
95.618 106.68 132.68
94.317 105.02 132.04
95.616 104.71 133.17
94.687 104.39 132.76
94.009 103.6 134.58
93.877 103.31 134.13
93.63 103.03 134.11
92.601 103.12 136.48
92.968 102.77 137.38
92.765 102.8 137.18
92.043 102.61 135.22
91.597 101.5 139.04
91.661 101.61 134.94
91.72 101.11 137.09
91.331 100.63 135.65
91.024 100.95 134.07
90.499 100.73 133.91
90.514 100.18 132.19
90.404 100.02 130.24
