14 39 12
13.954 38.829 12.058
13.984 38.626 11.933
13.975 38.796 12.002
13.899 38.665 11.964
13.87 38.736 11.906
13.946 38.738 11.946
13.932 38.338 11.928
13.964 38.549 11.93
13.873 38.569 11.822
13.882 38.333 11.83
13.858 38.167 11.839
13.855 38.126 11.846
13.918 38.083 11.833
13.863 38.295 11.857
13.795 38.208 11.85
13.803 38.237 11.785
13.816 38.137 11.829
13.757 38.163 11.729
13.888 37.88 11.738
13.799 37.85 11.782
13.745 38.138 11.758
13.788 38.056 11.717
13.774 37.792 11.747
13.789 37.771 11.724
13.785 37.814 11.774
13.785 37.793 11.68
13.752 37.844 11.747
13.747 38.011 11.708
13.835 37.751 11.738
13.781 37.917 11.681
13.834 37.724 11.747
13.811 37.956 11.71
13.823 37.89 11.708
13.866 37.645 11.655
13.762 37.766 11.655
13.836 37.828 11.725
13.813 37.947 11.669
13.781 37.706 11.721
13.773 37.948 11.704
13.795 37.707 11.722
13.813 37.95 11.739
13.796 37.769 11.67
13.76 37.83 11.705
13.743 37.892 11.654
13.75 37.832 11.688
13.803 37.954 11.74
13.799 37.894 11.725
13.845 37.714 11.753
13.806 37.654 11.754
13.87 37.837 11.755
13.86 37.838 11.72
13.888 37.842 11.669
13.813 37.724 11.786
13.878 37.79 11.759
13.933 37.868 11.782
13.934 37.887 11.749
13.972 37.726 11.692
13.989 38.053 11.782
13.968 37.839 11.843
14.041 38 11.819
14.062 38.148 11.747
14.096 37.89 11.824
14.127 38.019 11.801
14.07 38.118 11.812
14.109 37.981 11.865
14.153 38.02 11.895
14.228 38.222 11.933
14.264 38.568 11.812
14.401 38.407 11.876
14.213 38.333 11.899
14.338 38.681 11.961
14.362 38.752 12.009
14.265 38.801 12.083
14.464 38.786 12.09
14.449 38.746 12.142
14.4 39.032 12.166
14.544 38.983 12.198
14.433 39.085 12.073
14.522 39.361 12.246
14.513 39.389 12.212
14.519 39.62 12.268
14.593 39.565 12.392
14.666 40 12.294
14.666 39.678 12.434
14.71 40.081 12.686
14.609 40.412 12.561
14.734 40.361 12.57
14.67 40.321 12.623
14.806 41.082 12.79
14.674 41.04 12.837
14.867 40.575 12.722
14.972 40.985 13.043
15.063 41.368 12.916
15.025 41.757 13.12
14.875 41.474 13.08
14.769 42.384 13.166
15.161 42.222 13.312
14.971 42.489 13.253
15.112 42.749 13.454
15.002 43.071 13.669
14.943 43.536 13.798
15.166 42.818 13.726
15.202 44.455 13.902
15.091 43.775 13.842
15.163 44.326 13.883
15.222 43.432 14.252
15.311 44.423 14.004
15.232 44.125 14.422
15.362 44.106 14.322
15.111 43.559 14.22
15.654 45.751 14.466
15.252 45.263 14.508
15.399 45.147 14.42
15.6 45.186 15.001
15.638 46.066 14.541
15.552 45.766 14.448
15.83 45.864 14.988
15.499 45.248 14.908
16.259 45.81 15.217
15.879 46.249 14.854
16.321 46.064 15.101
16.15 48.462 14.937
16.483 46.867 15.496
16.552 47.802 15.052
16.189 47.854 15.616
16.71 48.25 14.942
16.833 48.046 15.676
16.61 49.103 15.857
16.678 47.733 15.577
16.889 48.117 15.637
16.345 47.453 15.831
16.86 48.868 15.804
16.764 50.674 15.84
16.768 48.186 15.689
16.653 49.159 16.116
17.034 48.888 16.509
16.978 49.864 16.221
17.312 48.753 16.348
17.087 50.24 16.214
17.06 49.816 16.124
17.155 49.741 16.657
17.1 51.085 16.672
16.951 50.12 16.754
17.148 50.932 16.534
17.073 50.144 16.892
17.056 50.763 16.549
17.015 51.551 17.342
16.632 49.426 16.879
17.346 52.447 17.3
17.081 50.183 17.325
17.1 51.286 17.261
17.407 50.086 17.314
17.138 51.858 17.45
17.277 50.766 17.618
17.391 50.079 17.826
17.105 51.724 17.593
17.347 51.176 17.899
17.707 51.222 17.891
17.341 51.603 17.456
17.53 50.95 17.991
17.614 51.452 17.874
17.595 51.779 17.337
17.065 51.798 17.651
18.055 50.542 18.163
17.724 52.495 17.97
18.036 51.069 17.918
17.823 52.1 17.413
17.781 52.865 18.194
17.281 51.704 17.809
18.053 54.075 18.122
18.057 51.144 17.695
18.039 53.615 18.215
18.716 51.534 18.112
18.382 53.216 17.806
19.337 53.003 18.199
18.745 52.548 18.022
19.429 52.175 18.395
19.316 52.311 18.131
19.847 52.617 18.301
19.789 53.217 17.977
20.338 52.175 17.315
20.187 53.007 17.656
20.588 52.109 17.609
20.326 53.276 17.655
20.607 53.429 18.295
20.661 50.49 16.902
20.307 53.242 18.007
20.767 50.542 17.762
20.806 54.436 17.743
20.429 52.035 17.531
20.291 52.158 17.612
20.473 51.083 18.19
19.927 52.742 17.407
19.843 52.079 17.691
19.797 53.956 18.306
19.398 52.729 16.959
20.281 52.944 18.078
19.415 52.659 17.771
19.571 53.443 17.745
19.412 52.267 17.429
18.808 53.928 17.402
19.278 52.901 17.659
19.083 53.731 17.022
19.124 53.043 17.305
19.017 54.127 16.821
18.793 55.994 17.503
19.296 55.507 16.559
18.877 55.264 17.426
18.768 55.879 16.432
18.745 53.712 17.162
19.146 54.544 16.502
18.927 53.772 16.321
18.791 53.6 16.767
18.54 53.849 16.243
18.752 53.171 16.309
18.867 52.656 17.001
19.102 52.444 16.132
18.207 50.378 16.019
18.739 51.996 16.072
18.711 51.06 15.783
17.881 51.026 15.667
18.815 49.699 15.939
17.817 50.341 15.822
18.007 51.295 14.979
18.642 49.896 15.146
17.834 49.504 15.032
18.662 49.883 14.848
18.283 48.796 14.812
17.715 48.231 14.06
17.579 48.873 14.259
18.078 47 14.626
17.435 49.225 14.302
17.707 48.104 14.277
17.472 46.747 14.226
17.7 47.738 14.562
17.278 46.969 14.021
17.468 46.113 14.004
17.164 46.663 14.364
16.914 45.709 13.83
16.989 45.447 14.109
16.472 45.555 13.856
16.722 44.889 13.919
16.544 44.831 13.913
16.816 45.564 13.727
16.278 44.521 14.011
16.735 44.62 13.827
16.414 44.772 13.889
16.334 44.731 13.969
16.364 44.553 13.824
16.208 44.139 13.915
16.18 44.696 14.031
16.232 43.974 13.706
15.815 44.302 13.417
15.827 44.041 13.564
15.885 44.121 13.47
15.674 43.716 13.648
15.699 43.508 13.486
15.753 43.992 13.302
15.665 43.557 13.277
15.561 43.289 13.175
15.352 43.205 13.164
15.596 43.011 13.196
15.381 42.819 13.147
15.148 42.274 13.197
15.343 42.812 13.045
14.968 42.522 12.978
14.96 41.813 12.948
15.088 41.423 12.736
14.874 41.607 12.738
14.671 40.956 12.676
14.874 40.838 12.784
14.729 40.712 12.745
14.624 40.403 12.919
14.603 40.293 12.876
14.565 40.182 12.874
14.405 40.216 13.102
14.462 40.078 13.188
14.43 40.092 13.17
14.318 40.017 12.981
14.248 39.586 13.348
14.258 39.627 12.955
14.268 39.432 13.161
14.207 39.248 13.023
14.159 39.37 12.871
14.078 39.286 12.855
14.08 39.071 12.69
14.063 39.008 12.503
